1) 257 main
2) 274 (
3) 275 )
4) 278 {
5) 258 leint
6) 257 aux
7) 282 ,
8) 257 cont
9) 282 ,
10) 257 a
11) 283 ;
12) 257 a
13) 268 =
14) 256 10
15) 283 ;
16) 257 aux
17) 268 =
18) 257 a
19) 283 ;
20) 260 shoots
21) 274 (
22) 256 1
23) 275 )
24) 257 teste
25) 268 =
26) 256 0
27) 283 ;
28) 260 shoots
29) 274 (
30) 275 )
31) 257 a
32) 268 =
33) 257 a
34) 284 +
35) 256 1
36) 283 ;
37) 261 bounces_on_rim
38) 257 a
39) 268 =
40) 257 a
41) 285 -
42) 256 1
43) 283 ;
44) 279 }

TABELA DE SIMBOLOS
0 - main
1 - aux
2 - cont
3 - a
4 - teste
